20 80
20 81
20 82
20 83
20 84
20 85
20 86
20 87
20 88
20 89
20 90
21 90
22 90
23 90
24 90
25 90
26 90
27 90
28 90
29 90
30 90
30 89
30 88
30 87
30 86
30 85
30 84
30 83
30 82
30 81
30 80
29 80
28 80
27 80
26 80
25 80
24 80
23 80
22 80
21 80
80 50
81 50
82 50
83 50
84 50
85 50
86 50
87 50
88 50
89 50
90 50
90 49
90 48
90 47
90 46
90 45
89 45
88 45
87 45
86 45
85 45
84 45
83 45
82 45
81 45
80 45
80 46
80 47
80 48
80 49
30 50
31 52
32 54
33 56
34 58
35 60
36 58
37 56
38 54
39 52
40 50
39 50
38 50
37 50
36 50
35 50
34 50
33 50
32 50
31 50
150 50
151 50
152 50
153 50
154 50
155 50
156 50
157 50
158 50
159 50
160 50
161 50
162 50
163 50
164 50
165 50
166 50
167 50
168 50
169 50
170 50
170 49
170 48
170 47
170 46
170 45
170 44
170 43
170 42
170 41
170 40
170 39
170 38
170 37
170 36
170 35
169 35
168 35
167 35
166 35
165 35
164 35
163 35
162 35
161 35
160 35
159 35
158 35
157 35
156 35
155 35
154 35
153 35
152 35
151 35
150 35
150 36
150 37
150 38
150 39
150 40
150 41
150 42
150 43
150 44
150 45
150 46
150 47
150 48
150 49
70 160
71 160
72 160
73 160
74 160
75 160
76 160
77 160
78 160
79 160
80 160
81 160
82 160
83 160
84 160
85 160
86 160
87 160
88 160
89 160
90 160
91 160
92 160
93 160
94 160
95 160
96 160
97 160
98 160
99 160
100 160
99 158
98 156
97 154
96 152
95 150
94 148
93 146
92 144
91 142
90 140
89 142
88 144
87 146
86 148
85 150
84 148
83 146
82 144
81 142
80 140
79 142
78 144
77 146
76 148
75 150
74 152
73 154
72 156
71 158
90 95
0 0
1 0
2 0
3 0
4 0
5 0
6 0
7 0
8 0
9 0
10 0
11 0
12 0
13 0
14 0
15 0
16 0
17 0
18 0
19 0
20 0
21 0
22 0
23 0
24 0
25 0
26 0
27 0
28 0
29 0
30 0
31 0
32 0
33 0
34 0
35 0
36 0
37 0
38 0
39 0
40 0
41 0
42 0
43 0
44 0
45 0
46 0
47 0
48 0
49 0
50 0
51 0
52 0
53 0
54 0
55 0
56 0
57 0
58 0
59 0
60 0
61 0
62 0
63 0
64 0
65 0
66 0
67 0
68 0
69 0
70 0
71 0
72 0
73 0
74 0
75 0
76 0
77 0
78 0
79 0
80 0
81 0
82 0
83 0
84 0
85 0
86 0
87 0
88 0
89 0
90 0
91 0
92 0
93 0
94 0
95 0
96 0
97 0
98 0
99 0
100 0
101 0
102 0
103 0
104 0
105 0
106 0
107 0
108 0
109 0
110 0
111 0
112 0
113 0
114 0
115 0
116 0
117 0
118 0
119 0
120 0
121 0
122 0
123 0
124 0
125 0
126 0
127 0
128 0
129 0
130 0
131 0
132 0
133 0
134 0
135 0
136 0
137 0
138 0
139 0
140 0
141 0
142 0
143 0
144 0
145 0
146 0
147 0
148 0
149 0
150 0
151 0
152 0
153 0
154 0
155 0
156 0
157 0
158 0
159 0
160 0
161 0
162 0
163 0
164 0
165 0
166 0
167 0
168 0
169 0
170 0
171 0
172 0
173 0
174 0
175 0
176 0
177 0
178 0
179 0
180 0
181 0
182 0
183 0
184 0
185 0
186 0
187 0
188 0
189 0
190 0
191 0
192 0
193 0
194 0
195 0
196 0
197 0
198 0
199 0
199 1
199 2
199 3
199 4
199 5
199 6
199 7
199 8
199 9
199 10
199 11
199 12
199 13
199 14
199 15
199 16
199 17
199 18
199 19
199 20
199 21
199 22
199 23
199 24
199 25
199 26
199 27
199 28
199 29
199 30
199 31
199 32
199 33
199 34
199 35
199 36
199 37
199 38
199 39
199 40
199 41
199 42
199 43
199 44
199 45
199 46
199 47
199 48
199 49
199 50
199 51
199 52
199 53
199 54
199 55
199 56
199 57
199 58
199 59
199 60
199 61
199 62
199 63
199 64
199 65
199 66
199 67
199 68
199 69
199 70
199 71
199 72
199 73
199 74
199 75
199 76
199 77
199 78
199 79
199 80
199 81
199 82
199 83
199 84
199 85
199 86
199 87
199 88
199 89
199 90
199 91
199 92
199 93
199 94
199 95
199 96
199 97
199 98
199 99
199 100
199 101
199 102
199 103
199 104
199 105
199 106
199 107
199 108
199 109
199 110
199 111
199 112
199 113
199 114
199 115
199 116
199 117
199 118
199 119
199 120
199 121
199 122
199 123
199 124
199 125
199 126
199 127
199 128
199 129
199 130
199 131
199 132
199 133
199 134
199 135
199 136
199 137
199 138
199 139
199 140
199 141
199 142
199 143
199 144
199 145
199 146
199 147
199 148
199 149
199 150
199 151
199 152
199 153
199 154
199 155
199 156
199 157
199 158
199 159
199 160
199 161
199 162
199 163
199 164
199 165
199 166
199 167
199 168
199 169
199 170
199 171
199 172
199 173
199 174
199 175
199 176
199 177
199 178
199 179
199 180
199 181
199 182
199 183
199 184
199 185
199 186
199 187
199 188
199 189
199 190
199 191
199 192
199 193
199 194
199 195
199 196
199 197
199 198
199 199
198 199
197 199
196 199
195 199
194 199
193 199
192 199
191 199
190 199
189 199
188 199
187 199
186 199
185 199
184 199
183 199
182 199
181 199
180 199
179 199
178 199
177 199
176 199
175 199
174 199
173 199
172 199
171 199
170 199
169 199
168 199
167 199
166 199
165 199
164 199
163 199
162 199
161 199
160 199
159 199
158 199
157 199
156 199
155 199
154 199
153 199
152 199
151 199
150 199
149 199
148 199
147 199
146 199
145 199
144 199
143 199
142 199
141 199
140 199
139 199
138 199
137 199
136 199
135 199
134 199
133 199
132 199
131 199
130 199
129 199
128 199
127 199
126 199
125 199
124 199
123 199
122 199
121 199
120 199
119 199
118 199
117 199
116 199
115 199
114 199
113 199
112 199
111 199
110 199
109 199
108 199
107 199
106 199
105 199
104 199
103 199
102 199
101 199
100 199
99 199
98 199
97 199
96 199
95 199
94 199
93 199
92 199
91 199
90 199
89 199
88 199
87 199
86 199
85 199
84 199
83 199
82 199
81 199
80 199
79 199
78 199
77 199
76 199
75 199
74 199
73 199
72 199
71 199
70 199
69 199
68 199
67 199
66 199
65 199
64 199
63 199
62 199
61 199
60 199
59 199
58 199
57 199
56 199
55 199
54 199
53 199
52 199
51 199
50 199
49 199
48 199
47 199
46 199
45 199
44 199
43 199
42 199
41 199
40 199
39 199
38 199
37 199
36 199
35 199
34 199
33 199
32 199
31 199
30 199
29 199
28 199
27 199
26 199
25 199
24 199
23 199
22 199
21 199
20 199
19 199
18 199
17 199
16 199
15 199
14 199
13 199
12 199
11 199
10 199
9 199
8 199
7 199
6 199
5 199
4 199
3 199
2 199
1 199
0 199
0 198
0 197
0 196
0 195
0 194
0 193
0 192
0 191
0 190
0 189
0 188
0 187
0 186
0 185
0 184
0 183
0 182
0 181
0 180
0 179
0 178
0 177
0 176
0 175
0 174
0 173
0 172
0 171
0 170
0 169
0 168
0 167
0 166
0 165
0 164
0 163
0 162
0 161
0 160
0 159
0 158
0 157
0 156
0 155
0 154
0 153
0 152
0 151
0 150
0 149
0 148
0 147
0 146
0 145
0 144
0 143
0 142
0 141
0 140
0 139
0 138
0 137
0 136
0 135
0 134
0 133
0 132
0 131
0 130
0 129
0 128
0 127
0 126
0 125
0 124
0 123
0 122
0 121
0 120
0 119
0 118
0 117
0 116
0 115
0 114
0 113
0 112
0 111
0 110
0 109
0 108
0 107
0 106
0 105
0 104
0 103
0 102
0 101
0 100
0 99
0 98
0 97
0 96
0 95
0 94
0 93
0 92
0 91
0 90
0 89
0 88
0 87
0 86
0 85
0 84
0 83
0 82
0 81
0 80
0 79
0 78
0 77
0 76
0 75
0 74
0 73
0 72
0 71
0 70
0 69
0 68
0 67
0 66
0 65
0 64
0 63
0 62
0 61
0 60
0 59
0 58
0 57
0 56
0 55
0 54
0 53
0 52
0 51
0 50
0 49
0 48
0 47
0 46
0 45
0 44
0 43
0 42
0 41
0 40
0 39
0 38
0 37
0 36
0 35
0 34
0 33
0 32
0 31
0 30
0 29
0 28
0 27
0 26
0 25
0 24
0 23
0 22
0 21
0 20
0 19
0 18
0 17
0 16
0 15
0 14
0 13
0 12
0 11
0 10
0 9
0 8
0 7
0 6
0 5
0 4
0 3
0 2
0 1
